255 255 255 255 255 255 255 255 255 255 255 255 255 255 255 255
255 255 255 255 255 255 255 255 255 255 255 255 255 255 255 255
255 255   0   0   0   0   0   0   0   0   0   0   0   0 255 255
255 255   0   0   0   0   0   0   0   0   0   0   0   0 255 255
255 255   0   0   0   0   0   0   0   0   0   0   0   0 255 255
255 255   0   0   0 255 254 255 255 255 255   0   0   0 255 255
255 255   0   0   0  96 120 133  95 238 255   0   0   0 255 255
255 255   0   0   0 133 153  96  93  99  79   0   0   0 255 255
255 255   0   0   0 164 148  52  54 124 144   0   0   0 255 255
255 255   0   0   0 183 149 165 205 157 253   0   0   0 255 255
255 255   0   0   0 255 255 255 255 255 255   0   0   0 255 255
255 255   0   0   0   0   0   0   0   0   0   0   0   0 255 255
255 255   0   0   0   0   0   0   0   0   0   0   0   0 255 255
255 255   0   0   0   0   0   0   0   0   0   0   0   0 255 255
255 255 255 255 255 255 255 255 255 255 255 255 255 255 255 255
255 255 255 255 255 255 255 255 255 255 255 255 255 255 255 255
255 255 255 255 255 255 255 255 255 255 255 255 255 255 255 255
255 255 255 255 255 255 255 255 255 255 255 255 255 255 255 255
255 255   0   0   0   0   0   0   0   0   0   0   0   0 255 255
255 255   0   0   0   0   0   0   0   0   0   0   0   0 255 255
255 255   0   0   0   0   0   0   0   0   0   0   0   0 255 255
255 255   0   0   0 255 254 255 255 255 255   0   0   0 255 255
255 255   0   0   0 142 165 187 143 232 255   0   0   0 255 255
255 255   0   0   0 187 173 142 131  98 115   0   0   0 255 255
255 255   0   0   0 203 166  94  67 136 159   0   0   0 255 255
255 255   0   0   0 212 166 205 179 201 254   0   0   0 255 255
255 255   0   0   0 255 255 255 255 255 255   0   0   0 255 255
255 255   0   0   0   0   0   0   0   0   0   0   0   0 255 255
255 255   0   0   0   0   0   0   0   0   0   0   0   0 255 255
255 255   0   0   0   0   0   0   0   0   0   0   0   0 255 255
255 255 255 255 255 255 255 255 255 255 255 255 255 255 255 255
255 255 255 255 255 255 255 255 255 255 255 255 255 255 255 255
255 255 255 255 255 255 255 255 255 255 255 255 255 255 255 255
255 255 255 255 255 255 255 255 255 255 255 255 255 255 255 255
255 255   0   0   0   0   0   0   0   0   0   0   0   0 255 255
255 255   0   0   0   0   0   0   0   0   0   0   0   0 255 255
255 255   0   0   0   0   0   0   0   0   0   0   0   0 255 255
255 255   0   0   0 255 254 255 255 255 255   0   0   0 255 255
255 255   0   0   0 107 132 143 106 210 255   0   0   0 255 255
255 255   0   0   0 143 193 107 100 128 108   0   0   0 255 255
255 255   0   0   0 187 193 114  75 139 161   0   0   0 255 255
255 255   0   0   0 199 188 188 139 186 254   0   0   0 255 255
255 255   0   0   0 255 255 255 255 255 255   0   0   0 255 255
255 255   0   0   0   0   0   0   0   0   0   0   0   0 255 255
255 255   0   0   0   0   0   0   0   0   0   0   0   0 255 255
255 255   0   0   0   0   0   0   0   0   0   0   0   0 255 255
255 255 255 255 255 255 255 255 255 255 255 255 255 255 255 255
255 255 255 255 255 255 255 255 255 255 255 255 255 255 255 255

255 255 255 255 255 255 255 255 255 255 255 255 255 255 255 255
255 214 153 153 153 153 153 153 153 153 153 153 153 153 214 255
255 153   0   0   0   0   0   0   0   0   0   0   0   0 153 255
255 153   0   0   0   0   0   0   0   0   0   0   0   0 153 255
255 153   0   0  10  51  51  49  47  50  51  10   0   0 153 255
255 153   0   0  51 255 254 161 143 225 255  51   0   0 153 255
255 153   0   0  51 254 240 131 139 160 242  51   0   0 153 255
255 153   0   0  51 246 155 107 124 136 226  51   0   0 153 255
255 153   0   0  51 195 125 103  99 131 226  51   0   0 153 255
255 153   0   0  51 186 111 112 117 130 223  51   0   0 153 255
255 153   0   0  51 224 127 129 185 188 228  51   0   0 153 255
255 153   0   0  10  51  42  48  51  51  51  10   0   0 153 255
255 153   0   0   0   0   0   0   0   0   0   0   0   0 153 255
255 153   0   0   0   0   0   0   0   0   0   0   0   0 153 255
255 214 153 153 153 153 153 153 153 153 153 153 153 153 214 255
255 255 255 255 255 255 255 255 255 255 255 255 255 255 255 255
255 255 255 255 255 255 255 255 255 255 255 255 255 255 255 255
255 214 153 153 153 153 153 153 153 153 153 153 153 153 214 255
255 153   0   0   0   0   0   0   0   0   0   0   0   0 153 255
255 153   0   0   0   0   0   0   0   0   0   0   0   0 153 255
255 153   0   0  10  51  51  50  47  51  51  10   0   0 153 255
255 153   0   0  51 255 254 178 163 237 255  51   0   0 153 255
255 153   0   0  51 254 236 141 154 201 247  51   0   0 153 255
255 153   0   0  51 249 186 146 147 154 237  51   0   0 153 255
255 153   0   0  51 214 176 145 135 160 238  51   0   0 153 255
255 153   0   0  51 210 160 153 140 141 236  51   0   0 153 255
255 153   0   0  51 237 173 174 214 216 233  51   0   0 153 255
255 153   0   0  10  51  45  49  51  51  51  10   0   0 153 255
255 153   0   0   0   0   0   0   0   0   0   0   0   0 153 255
255 153   0   0   0   0   0   0   0   0   0   0   0   0 153 255
255 214 153 153 153 153 153 153 153 153 153 153 153 153 214 255
255 255 255 255 255 255 255 255 255 255 255 255 255 255 255 255
255 255 255 255 255 255 255 255 255 255 255 255 255 255 255 255
255 214 153 153 153 153 153 153 153 153 153 153 153 153 214 255
255 153   0   0   0   0   0   0   0   0   0   0   0   0 153 255
255 153   0   0   0   0   0   0   0   0   0   0   0   0 153 255
255 153   0   0  10  51  51  50  47  51  51  10   0   0 153 255
255 153   0   0  51 255 254 170 158 232 255  51   0   0 153 255
255 153   0   0  51 254 219 143 153 188 245  51   0   0 153 255
255 153   0   0  51 245 154 119 148 147 232  51   0   0 153 255
255 153   0   0  51 198 135 118 138 154 233  51   0   0 153 255
255 153   0   0  51 191 122 131 166 141 231  51   0   0 153 255
255 153   0   0  51 226 137 139 201 204 231  51   0   0 153 255
255 153   0   0  10  51  43  49  51  51  51  10   0   0 153 255
255 153   0   0   0   0   0   0   0   0   0   0   0   0 153 255
255 153   0   0   0   0   0   0   0   0   0   0   0   0 153 255
255 214 153 153 153 153 153 153 153 153 153 153 153 153 214 255
255 255 255 255 255 255 255 255 255 255 255 255 255 255 255 255

255 255 255 255 255 255 255 255 255 255 255 255 255 255 255 255
255 214 153 153 153 153 153 153 153 153 153 153 153 153 214 255
255 153   0   0   0   0   0   0   0   0   0   0   0   0 153 255
255 153   0   0   0   0   0   0   0   0   0   0   0   0 153 255
255 153   0   0  10  51  51  51  51  51  51  10   0   0 153 255
255 153   0   0  51 255 242 226 226 223 228  51   0   0 153 255
255 153   0   0  50 225 160 136 131 130 188  51   0   0 153 255
255 153   0   0  47 143 139 124  99 117 185  51   0   0 153 255
255 153   0   0  49 161 131 107 103 112 129  48   0   0 153 255
255 153   0   0  51 254 240 155 125 111 127  42   0   0 153 255
255 153   0   0  51 255 254 246 195 186 224  51   0   0 153 255
255 153   0   0  10  51  51  51  51  51  51  10   0   0 153 255
255 153   0   0   0   0   0   0   0   0   0   0   0   0 153 255
255 153   0   0   0   0   0   0   0   0   0   0   0   0 153 255
255 214 153 153 153 153 153 153 153 153 153 153 153 153 214 255
255 255 255 255 255 255 255 255 255 255 255 255 255 255 255 255
255 255 255 255 255 255 255 255 255 255 255 255 255 255 255 255
255 214 153 153 153 153 153 153 153 153 153 153 153 153 214 255
255 153   0   0   0   0   0   0   0   0   0   0   0   0 153 255
255 153   0   0   0   0   0   0   0   0   0   0   0   0 153 255
255 153   0   0  10  51  51  51  51  51  51  10   0   0 153 255
255 153   0   0  51 255 247 237 238 236 233  51   0   0 153 255
255 153   0   0  51 237 201 154 160 141 216  51   0   0 153 255
255 153   0   0  47 163 154 147 135 140 214  51   0   0 153 255
255 153   0   0  50 178 141 146 145 153 174  49   0   0 153 255
255 153   0   0  51 254 236 186 176 160 173  45   0   0 153 255
255 153   0   0  51 255 254 249 214 210 237  51   0   0 153 255
255 153   0   0  10  51  51  51  51  51  51  10   0   0 153 255
255 153   0   0   0   0   0   0   0   0   0   0   0   0 153 255
255 153   0   0   0   0   0   0   0   0   0   0   0   0 153 255
255 214 153 153 153 153 153 153 153 153 153 153 153 153 214 255
255 255 255 255 255 255 255 255 255 255 255 255 255 255 255 255
255 255 255 255 255 255 255 255 255 255 255 255 255 255 255 255
255 214 153 153 153 153 153 153 153 153 153 153 153 153 214 255
255 153   0   0   0   0   0   0   0   0   0   0   0   0 153 255
255 153   0   0   0   0   0   0   0   0   0   0   0   0 153 255
255 153   0   0  10  51  51  51  51  51  51  10   0   0 153 255
255 153   0   0  51 255 245 232 233 231 231  51   0   0 153 255
255 153   0   0  51 232 188 147 154 141 204  51   0   0 153 255
255 153   0   0  47 158 153 148 138 166 201  51   0   0 153 255
255 153   0   0  50 170 143 119 118 131 139  49   0   0 153 255
255 153   0   0  51 254 219 154 135 122 137  43   0   0 153 255
255 153   0   0  51 255 254 245 198 191 226  51   0   0 153 255
255 153   0   0  10  51  51  51  51  51  51  10   0   0 153 255
255 153   0   0   0   0   0   0   0   0   0   0   0   0 153 255
255 153   0   0   0   0   0   0   0   0   0   0   0   0 153 255
255 214 153 153 153 153 153 153 153 153 153 153 153 153 214 255
255 255 255 255 255 255 255 255 255 255 255 255 255 255 255 255

255 255 255 255 255 255 255 255 255 255 255 255 255 255 255 255
255 214 153 153 153 153 153 153 153 153 153 153 153 153 214 255
255 153   0   0   0   0   0   0   0   0   0   0   0   0 153 255
255 153   0   0   0   0   0   0   0   0   0   0   0   0 153 255
255 153   0   0  10  51  51  51  48  42  51  10   0   0 153 255
255 153   0   0  51 228 188 185 129 127 224  51   0   0 153 255
255 153   0   0  51 223 130 117 112 111 186  51   0   0 153 255
255 153   0   0  51 226 131  99 103 125 195  51   0   0 153 255
255 153   0   0  51 226 136 124 107 155 246  51   0   0 153 255
255 153   0   0  51 242 160 139 131 240 254  51   0   0 153 255
255 153   0   0  51 255 225 143 161 254 255  51   0   0 153 255
255 153   0   0  10  51  50  47  49  51  51  10   0   0 153 255
255 153   0   0   0   0   0   0   0   0   0   0   0   0 153 255
255 153   0   0   0   0   0   0   0   0   0   0   0   0 153 255
255 214 153 153 153 153 153 153 153 153 153 153 153 153 214 255
255 255 255 255 255 255 255 255 255 255 255 255 255 255 255 255
255 255 255 255 255 255 255 255 255 255 255 255 255 255 255 255
255 214 153 153 153 153 153 153 153 153 153 153 153 153 214 255
255 153   0   0   0   0   0   0   0   0   0   0   0   0 153 255
255 153   0   0   0   0   0   0   0   0   0   0   0   0 153 255
255 153   0   0  10  51  51  51  49  45  51  10   0   0 153 255
255 153   0   0  51 233 216 214 174 173 237  51   0   0 153 255
255 153   0   0  51 236 141 140 153 160 210  51   0   0 153 255
255 153   0   0  51 238 160 135 145 176 214  51   0   0 153 255
255 153   0   0  51 237 154 147 146 186 249  51   0   0 153 255
255 153   0   0  51 247 201 154 141 236 254  51   0   0 153 255
255 153   0   0  51 255 237 163 178 254 255  51   0   0 153 255
255 153   0   0  10  51  51  47  50  51  51  10   0   0 153 255
255 153   0   0   0   0   0   0   0   0   0   0   0   0 153 255
255 153   0   0   0   0   0   0   0   0   0   0   0   0 153 255
255 214 153 153 153 153 153 153 153 153 153 153 153 153 214 255
255 255 255 255 255 255 255 255 255 255 255 255 255 255 255 255
255 255 255 255 255 255 255 255 255 255 255 255 255 255 255 255
255 214 153 153 153 153 153 153 153 153 153 153 153 153 214 255
255 153   0   0   0   0   0   0   0   0   0   0   0   0 153 255
255 153   0   0   0   0   0   0   0   0   0   0   0   0 153 255
255 153   0   0  10  51  51  51  49  43  51  10   0   0 153 255
255 153   0   0  51 231 204 201 139 137 226  51   0   0 153 255
255 153   0   0  51 231 141 166 131 122 191  51   0   0 153 255
255 153   0   0  51 233 154 138 118 135 198  51   0   0 153 255
255 153   0   0  51 232 147 148 119 154 245  51   0   0 153 255
255 153   0   0  51 245 188 153 143 219 254  51   0   0 153 255
255 153   0   0  51 255 232 158 170 254 255  51   0   0 153 255
255 153   0   0  10  51  51  47  50  51  51  10   0   0 153 255
255 153   0   0   0   0   0   0   0   0   0   0   0   0 153 255
255 153   0   0   0   0   0   0   0   0   0   0   0   0 153 255
255 214 153 153 153 153 153 153 153 153 153 153 153 153 214 255
255 255 255 255 255 255 255 255 255 255 255 255 255 255 255 255
